511
14459.5
14458.6
14456.8
14455.1
14454.6
14454.1
14454.3
14455.7
14458.8
14461.8
14463.7
14463.7
14460.7
14456.7
14452.9
14449.7
14447.7
14447.7
14449
14451
14453
14452.1
14447
14437.4
14426.5
14420.9
14417
14410.5
14397.8
14382.4
14366.2
14351
14338.1
14326.2
14316.7
14316.2
14322.5
14325.9
14325.1
14320.7
14308.6
14290.8
14275.1
14265.6
14262
14264.8
14267
14262.5
14254.3
14240.6
14217.1
14189.2
14161.6
14137.2
14120.9
14106.2
14087
14059.1
14029.5
14004.9
13986
13967.5
13945.6
13914.2
13879.2
13845.1
13820.5
13804.5
13794
13780
13766.5
13749.9
13726.1
13692.5
13660.3
13634.7
13625.9
13630.3
13632.9
13622.6
13590.1
13540.3
13479.2
13413.6
13352.5
13306.7
13287
13289.2
13294.8
13290.5
13268.3
13237
13214.3
13198.4
13186.3
13162.9
13117.2
13053.6
12976.9
12899
12828.4
12783.6
12778.5
12793.8
12811.1
12813.8
12796.7
12759.9
12708.1
12649.9
12585.8
12521.7
12470.6
12429
12381.1
12336
12301.1
12276.9
12258.2
12244.2
12230.2
12212
12184.4
12140.6
12091
12047.8
12007
11960
11915.4
11863.7
11803.1
11736.6
11669
11603.9
11554.5
11523.7
11485.7
11424.9
11347.1
11277.3
11227.2
11191.2
11158.3
11117.5
11075.7
11040.4
11006.5
10962.4
10912
10868.6
10824.1
10767.5
10707.5
10663.1
10635.5
10623.8
10626.3
10628.8
10622.1
10597.6
10544.5
10451.4
10330.4
10217.4
10137.5
10099.3
10095.4
10116.2
10145.6
10186.9
10226.9
10219.6
10143.4
10019.2
9876.02
9730.38
9592.61
9496.5
9474.63
9537.03
9657.74
9800.81
9921.24
9967.63
9898.07
9693.93
9394.22
9100.48
8915.48
8905.26
9073.64
9353.08
9628.07
9786.5
9770.98
9559.06
9191.89
8784.82
8490.59
8409
8555.38
8857.91
9198.12
9457.3
9534.58
9376.55
9017.34
8590.45
8294.01
8293.29
8657.15
9289.01
9953.64
10363.6
10217.5
9309.46
7655.11
5485.7
3231.62
1579.88
1607.98
3335.04
5691.6
7979.33
9751.69
10754.3
10948.1
10537.6
9840.77
9193.07
8865.32
8935.47
9311.91
9827.64
10287.9
10555.7
10581.5
10399.9
10113.8
9867.08
9784.9
9936.67
10300.1
10775.1
11226.6
11536.9
11648.3
11567.5
11369.2
11177.1
11108.3
11234.4
11552.4
11968.2
12361.8
12650.6
12808.8
12842.2
12805
12756.7
12737.1
12769.9
12873.5
13058.8
13311.9
13609.5
13920.1
14205.1
14428.1
14549.8
14580.6
14584.6
14607.1
14675.7
14812.2
15015.2
15268.2
15542.8
15801.5
16009.3
16145.9
16228
16286.5
16345.2
16425
16529.4
16646.7
16772.9
16923.7
17103.4
17294.3
17474.7
17635.1
17758.2
17839.8
17898.6
17941.2
17976.1
18019.1
18091.4
18203.5
18342.1
18488.6
18623.8
18732.8
18838.5
18958.7
19081.4
19193.2
19289.4
19374.6
19456.4
19542.8
19648.4
19765.6
19878.9
19982.9
20071.3
20137.4
20193.7
20238.7
20282.4
20339.6
20415.9
20501.7
20585.9
20654.3
20718.2
20787.1
20864.2
20941.5
21017.4
21094.2
21159.2
21206.2
21237.5
21267
21303.6
21361.5
21444.4
21535.4
21616.3
21688.7
21749.2
21791.4
21822.5
21861
21915.2
21974.2
22023.3
22041.1
22033
22016.6
22001.9
22009.3
22043.8
22100
22168.5
22228
22269.2
22281.9
22264.4
22234.5
22204.3
22182
22168.4
22162.1
22160
22159.6
22168.7
22179.6
22187.4
22194.1
22193.8
22182.3
22156.7
22122.7
22080.9
22041.7
22010.2
21984.6
21967.9
21958.9
21956
21945.8
21919.6
21884.4
21849.1
21815.3
21787.7
21754.6
21711.8
21667.5
21617.6
21567
21514.5
21466.6
21430.5
21402.3
21371.5
21327.6
21271.6
21204.3
21132
21059.3
20989.9
20922.9
20863.1
20811.5
20767.4
20731.3
20700
20665
20624.7
20575.3
20519.3
20451.3
20370
20284
20195.4
20116.2
20050.9
19997.9
19951.6
19907.1
19852.8
19780.9
19695.1
19602.8
19504.7
19406.2
19312.4
19229.1
19153.1
19077.7
18995
18905.4
18808.3
18705
18601.7
18495.1
18391.9
18299.5
18203.4
18106.2
18007.4
17909.8
17818.8
17735.6
17649.5
17552.5
17447.5
17334
17223.4
17123.5
17033.4
16945.1
16861.9
16783.4
16701
16610.9
16516.9
16422.3
16332.5
16250.2
16180.6
16116.9
16050.9
15979.2
15904.1
15833.4
15762.4
15685.7
15607.4
15531.8
15463.3
15395.5
15330.6
15266.8
15202.6
15141.1
15081.3
15021.5
14961.8
14904.4
14848.4
14793.3
14743.2
14695.5
14655.2
14625
14595.7
14569
14549.1
14537
14526.7
14517.4
14508.9
14499.8
14488.5
14481.6
14479
14478.6
14478.4
14478.1
14477.6
14476.6
14474.1
14470.4
14468.3
14465.6
