511
14459.1
14458.3
14456.5
14454.7
14454.3
14453.8
14453.9
14455.4
14458.5
14461.5
14463.4
14463.4
14460.4
14456.4
14452.6
14449.4
14447.4
14447.3
14448.6
14450.7
14452.7
14451.8
14446.7
14437
14426.2
14420.6
14416.7
14410.2
14397.5
14382.1
14365.9
14350.7
14337.8
14325.9
14316.4
14315.9
14322.2
14325.6
14324.8
14320.3
14308.3
14290.5
14274.8
14265.3
14261.7
14264.6
14266.7
14262.2
14254
14240.3
14216.8
14189
14161.3
14136.9
14120.7
14105.9
14086.7
14058.8
14029.2
14004.6
13985.7
13967.2
13945.4
13913.9
13878.9
13844.8
13820.2
13804.2
13793.8
13779.8
13766.2
13749.6
13725.8
13692.2
13660.1
13634.5
13625.7
13630.1
13632.7
13622.4
13589.9
13540
13478.9
13413.4
13352.2
13306.5
13286.8
13289
13294.6
13290.3
13268.1
13236.8
13214
13198.2
13186
13162.7
13117
13053.5
12976.7
12898.8
12828.2
12783.5
12778.3
12793.6
12810.9
12813.6
12796.5
12759.8
12708
12649.7
12585.6
12521.6
12470.4
12428.8
12381
12335.9
12301
12276.7
12258
12244
12230.1
12211.8
12184.2
12140.5
12090.8
12047.7
12006.9
11959.9
11915.3
11863.6
11803
11736.4
11668.9
11603.7
11554.3
11523.6
11485.5
11424.8
11347
11277.2
11227.1
11191
11158.2
11117.4
11075.5
11040.2
11006.4
10962.3
10912
10868.5
10824.1
10767.4
10707.3
10663
10635.4
10623.7
10626.2
10628.7
10622
10597.4
10544.3
10451.3
10330.3
10217.2
10137.4
10099.2
10095.3
10116.1
10145.5
10186.8
10226.8
10219.5
10143.2
10019.1
9875.88
9730.27
9592.49
9496.38
9474.57
9536.93
9657.65
9800.68
9921.13
9967.5
9897.95
9693.79
9394.13
9100.38
8915.39
8905.16
9073.57
9352.99
9627.98
9786.43
9770.85
9559.01
9191.8
8784.77
8490.58
8409.01
8555.33
8857.84
9198.05
9457.22
9534.46
9376.43
9017.26
8590.39
8293.98
8293.23
8657.08
9288.94
9953.6
10363.6
10217.4
9309.41
7655.06
5485.71
3231.64
1579.91
1608
3335.05
5691.56
7979.26
9751.64
10754.2
10948.1
10537.7
9840.82
9193.11
8865.34
8935.49
9311.9
9827.7
10288
10555.7
10581.6
10400.1
10113.9
9867.19
9785.01
9936.8
10300.2
10775.2
11226.7
11537
11648.4
11567.6
11369.4
11177.2
11108.4
11234.5
11552.5
11968.3
12361.9
12650.8
12809
12842.4
12805.2
12756.9
12737.3
12770
12873.7
13058.9
13312
13609.6
13920.2
14205.2
14428.2
14549.9
14580.7
14584.8
14607.3
14675.8
14812.3
15015.3
15268.3
15542.8
15801.6
16009.4
16145.9
16228.1
16286.6
16345.2
16425.1
16529.4
16646.6
16772.9
16923.7
17103.3
17294.3
17474.6
17635.1
17758.1
17839.8
17898.6
17941.2
17976.1
18019.1
18091.3
18203.5
18341.9
18488.5
18623.7
18732.7
18838.5
18958.6
19081.3
19193
19289.3
19374.6
19456.4
19542.8
19648.3
19765.5
19878.9
19983
20071.3
20137.4
20193.7
20238.7
20282.4
20339.6
20415.9
20501.8
20586
20654.4
20718.3
20787.2
20864.3
20941.6
21017.6
21094.4
21159.4
21206.3
21237.7
21267.1
21303.9
21361.7
21444.6
21535.6
21616.5
21689
21749.4
21791.7
21822.7
21861.2
21915.5
21974.6
22023.6
22041.3
22033.3
22017
22002.2
22009.6
22044.1
22100.2
22168.8
22228.3
22269.4
22282.2
22264.7
22234.9
22204.6
22182.4
22168.8
22162.4
22160.2
22159.9
22169
22179.9
22187.7
22194.4
22194.1
22182.5
22156.8
22122.9
22081.1
22042
22010.3
21984.8
21968.1
21959
21956.1
21946
21919.7
21884.6
21849.3
21815.5
21787.8
21754.7
21712
21667.6
21617.6
21567.1
21514.6
21466.7
21430.6
21402.5
21371.6
21327.7
21271.8
21204.4
21132.1
21059.4
20989.9
20923
20863.3
20811.6
20767.5
20731.4
20700.1
20665.1
20624.9
20575.4
20519.4
20451.4
20370.1
20284.2
20195.4
20116.2
20050.9
19997.9
19951.7
19907.1
19852.8
19780.9
19695.1
19602.8
19504.6
19406.2
19312.3
19229
19153
19077.6
18994.8
18905.2
18808.1
18704.8
18601.5
18494.9
18391.7
18299.3
18203.1
18105.9
18007.1
17909.5
17818.5
17735.3
17649.2
17552.2
17447.2
17333.8
17223.1
17123.2
17033.1
16944.8
16861.6
16783.2
16700.8
16610.7
16516.7
16422.2
16332.4
16250.1
16180.4
16116.7
16050.8
15979.1
15904
15833.3
15762.3
15685.6
15607.2
15531.6
15463.2
15395.4
15330.5
15266.7
15202.5
15140.9
15081.2
15021.3
14961.6
14904.2
14848.2
14793.2
14743
14695.4
14655.1
14624.9
14595.5
14568.8
14548.9
14536.8
14526.5
14517.2
14508.7
14499.6
14488.2
14481.4
14478.8
14478.3
14478.1
14477.9
14477.3
14476.3
14473.8
14470.1
14468
14465.3
